test_iter: 20
test_interval: 65
base_lr: 0.0010000000475
display: 8
max_iter: 1950
lr_policy: "step"
gamma: 0.10000000149
momentum: 0.899999976158
weight_decay: 1.00000006569e-05
stepsize: 195
snapshot: 65
snapshot_prefix: "snapshot"
solver_mode: GPU
net: "train_val.prototxt"
solver_type: SGD
